images/example.asc
ncols        651
nrows        1156
xllcorner    0.000000000000
yllcorner    0.000000000000
cellsize     1.000000000000
[rows 141 to 187 of 1156, columns 288 to 383 of 651]
35 42 66 29 26 53 50 58 55 55 78 70 60 75 114 119 119 110 114 117 94 76 73 62 78 45 60 56 56 87 76 69 87 101 77 60 129 86 82 51 71 106 45 109 103 83 112 31 28 33 26 28 32 61 76 85 129 114 90 43 155 135 81 72 46 54 116 124 132 85 94 80 103 113 161 145 132 94 96 95 96 101 116 138 145 136 141 126 156 129 146 129 133 138 169 197
55 31 35 40 35 68 56 48 43 82 58 67 76 130 123 121 110 104 108 131 120 106 84 78 80 62 89 71 63 74 73 74 84 87 69 90 73 70 71 58 76 110 23 75 64 63 79 31 36 50 16 30 41 95 85 103 103 95 65 119 177 93 27 45 44 69 78 102 155 58 81 102 147 165 187 157 101 99 91 84 94 125 147 188 140 161 132 174 156 118 128 122 135 149 175 197
89 41 39 34 22 38 51 37 36 55 50 51 86 129 130 94 107 105 109 129 131 98 101 95 83 71 73 79 67 68 59 72 76 85 69 58 60 70 72 53 78 128 28 60 73 53 29 34 32 27 20 33 70 71 133 135 67 84 83 94 129 96 44 66 60 79 117 103 153 79 82 117 153 177 135 139 90 104 93 104 111 131 160 177 138 146 128 177 178 128 126 135 128 149 176 196
42 47 35 43 52 43 52 38 40 37 74 87 115 140 140 110 100 120 124 124 137 140 99 108 83 67 72 77 82 25 43 69 72 78 74 70 53 85 83 61 108 130 33 64 73 76 22 19 21 16 40 57 58 96 101 44 39 94 90 92 100 115 73 53 43 91 131 121 155 62 53 104 161 171 136 152 130 91 93 111 111 120 149 165 161 162 114 154 165 137 133 130 130 154 172 166
46 81 33 53 41 37 42 45 35 84 110 154 109 157 149 142 117 136 140 137 153 166 108 98 79 64 68 91 106 18 50 76 53 39 58 80 77 78 137 96 133 141 53 66 96 106 17 19 12 23 50 55 45 108 85 43 75 67 107 92 78 107 61 58 49 85 118 80 131 78 96 173 184 161 163 138 125 92 108 116 113 115 124 146 139 159 162 173 177 141 131 130 130 159 174 163
56 90 50 48 41 31 39 36 58 141 177 160 144 141 171 141 139 109 128 157 117 139 108 102 92 76 66 88 99 20 61 72 72 72 94 161 144 139 86 96 89 108 80 63 108 49 12 6 18 26 44 60 65 117 65 80 82 120 145 60 94 83 34 76 69 105 106 67 104 116 107 178 183 131 175 119 121 127 119 113 121 120 123 131 126 177 196 211 182 150 153 146 121 169 176 146
61 73 99 31 34 27 10 80 139 173 167 158 157 150 171 148 157 104 109 162 116 102 109 113 95 88 73 78 77 19 75 76 83 57 156 149 167 124 61 70 64 87 62 69 73 32 12 13 33 43 49 83 160 122 50 77 70 122 128 55 134 126 65 63 111 99 94 91 145 105 104 176 185 93 183 88 148 132 121 114 131 122 133 132 127 171 195 206 180 144 138 139 139 162 143 145
56 84 104 46 38 33 29 130 142 138 145 152 156 131 161 117 109 108 106 119 146 97 113 99 91 91 90 87 49 48 103 87 101 70 124 110 91 113 75 46 56 74 68 73 42 32 10 25 51 35 59 50 203 106 54 71 64 119 94 102 109 93 68 129 151 70 98 96 158 104 92 174 172 137 132 112 127 123 92 117 110 130 128 126 121 195 203 124 140 168 128 132 134 152 148 166
57 58 44 33 33 9 89 130 145 139 131 133 140 126 132 115 120 134 113 110 117 119 112 97 95 95 87 113 25 69 84 110 88 60 68 64 109 133 113 40 48 55 78 75 25 23 14 25 45 59 90 45 197 104 84 74 70 145 43 112 80 87 105 181 122 52 118 134 122 100 122 148 164 129 118 100 112 118 113 131 132 136 138 129 130 197 209 155 93 149 128 175 168 133 153 171
59 59 44 30 55 66 97 135 162 115 127 136 89 134 113 110 101 115 126 112 129 126 98 108 144 97 97 70 36 61 75 102 103 42 95 52 141 149 135 86 71 67 48 39 42 11 13 35 30 30 77 74 114 41 102 71 83 115 66 83 72 95 149 171 139 86 150 110 86 106 122 149 130 111 109 107 129 130 122 160 136 130 128 126 124 205 203 144 124 140 160 186 144 134 151 167
55 57 64 70 136 120 134 129 130 138 134 132 126 143 122 112 95 141 136 125 104 115 107 103 118 104 85 47 56 52 76 110 100 34 136 65 94 140 135 53 77 72 81 53 56 19 15 40 22 46 82 88 91 78 78 66 79 87 73 78 91 95 145 127 140 165 130 93 88 124 97 108 95 116 113 112 142 134 104 173 122 135 141 134 145 205 111 138 125 151 152 160 157 138 146 166
60 53 81 101 116 144 139 147 139 149 132 148 149 121 141 106 138 140 135 108 131 127 111 110 78 89 67 26 62 52 58 114 71 20 124 109 80 109 97 86 59 53 85 80 46 25 4 24 37 50 64 63 90 78 82 75 88 76 66 82 108 110 125 84 131 190 135 63 98 122 84 120 124 137 129 135 133 128 111 166 157 137 135 125 140 175 134 120 120 149 156 137 155 138 152 173
55 53 93 116 111 124 146 96 122 122 104 134 133 113 119 115 135 127 137 83 117 134 102 97 89 112 81 23 63 48 48 142 100 44 35 137 68 82 109 93 32 58 97 69 55 42 8 25 25 44 70 61 77 88 64 89 92 72 83 126 158 63 121 104 133 158 125 108 101 108 94 106 143 130 144 133 122 143 112 139 140 146 149 129 134 148 159 152 146 130 139 158 165 141 156 173
72 83 93 127 110 124 137 129 106 104 101 103 116 125 152 153 140 99 140 118 132 140 103 102 102 98 69 37 82 51 54 86 91 43 40 88 74 58 152 116 28 58 50 60 54 33 11 33 35 46 114 24 70 36 47 123 65 71 64 145 97 34 74 135 125 114 121 122 96 107 90 130 117 141 145 129 145 151 133 126 144 149 124 149 137 145 149 166 143 140 149 161 166 137 140 180
72 76 85 127 112 105 133 130 116 119 126 95 126 124 139 160 126 126 119 110 122 108 109 101 93 116 92 52 93 86 78 159 73 70 88 95 82 127 107 123 22 35 49 59 83 27 10 24 46 63 102 38 55 33 40 120 48 62 123 168 57 43 53 125 117 121 122 129 124 107 106 125 131 125 168 159 159 151 156 152 157 188 140 148 153 147 172 169 134 114 154 164 174 143 156 172
83 50 93 117 97 121 126 138 119 126 120 95 124 129 108 166 144 126 99 130 99 120 119 89 106 103 115 89 106 97 68 212 123 66 77 103 92 135 127 104 36 19 65 57 58 24 23 18 34 46 78 50 48 47 27 112 37 77 115 159 96 54 130 89 125 126 110 146 165 86 109 148 141 122 192 161 182 188 113 158 168 170 153 171 151 188 162 144 111 155 150 162 180 145 102 174
70 67 123 126 92 130 122 118 101 153 124 98 137 131 84 151 144 122 131 139 60 140 128 102 121 91 152 101 119 94 62 205 153 72 87 89 87 75 106 85 46 36 59 56 67 40 31 19 26 30 52 56 65 68 25 117 59 88 130 126 121 91 146 70 145 95 43 178 183 96 107 155 124 128 210 165 190 213 110 172 170 172 146 134 161 187 139 129 153 155 140 163 191 146 156 173
77 96 138 117 60 135 113 118 128 143 122 132 144 143 139 175 172 142 124 135 78 137 142 111 124 112 166 144 107 98 114 90 106 76 78 95 102 46 89 80 63 45 40 38 38 39 57 12 29 27 50 38 75 52 38 89 74 83 72 56 145 128 131 69 157 96 34 186 152 97 98 99 141 129 215 177 203 171 137 175 178 99 134 131 147 162 183 159 187 169 164 155 166 174 178 180
86 117 118 116 91 139 130 144 140 136 136 146 138 145 150 168 170 164 118 138 130 142 132 126 124 137 135 157 133 118 142 121 119 72 63 78 86 37 66 64 54 69 103 27 12 63 59 23 24 31 36 35 51 55 52 70 82 108 72 54 125 120 145 108 161 107 66 164 107 96 97 113 124 159 186 198 175 169 165 170 201 102 147 153 148 160 188 158 158 161 142 172 174 180 177 182
98 132 127 153 108 137 129 132 136 144 141 142 125 146 170 165 156 146 142 135 155 141 102 132 114 138 119 135 99 97 164 123 133 72 86 75 71 80 80 59 39 174 197 131 26 84 107 18 19 20 33 35 41 53 40 50 68 87 85 103 133 90 55 103 148 127 139 132 107 95 90 119 120 126 196 190 173 181 153 155 186 170 167 156 158 157 197 117 134 156 153 172 174 179 177 180
78 143 126 151 142 124 138 138 127 140 151 145 141 133 145 155 154 165 150 165 147 132 110 120 120 133 130 126 89 97 142 106 102 84 73 50 68 66 63 66 28 167 175 169 41 115 145 13 14 18 25 28 25 45 43 68 71 65 72 110 122 119 26 78 118 125 124 119 98 89 98 120 115 147 198 136 167 186 183 150 168 157 168 156 171 154 191 133 141 173 167 172 183 157 153 178
105 149 127 141 150 129 130 137 123 120 157 136 140 187 162 149 128 149 151 149 138 140 137 133 133 140 133 130 117 115 109 136 93 108 84 38 82 59 59 63 40 85 144 142 44 87 120 15 13 15 21 27 22 49 45 55 58 44 79 109 146 78 28 37 117 86 125 110 100 101 99 113 141 159 184 159 162 179 164 149 156 167 167 150 180 174 172 145 173 174 159 171 159 135 161 183
113 155 134 110 130 122 138 136 133 111 142 169 119 169 156 149 143 152 128 120 138 133 134 138 121 105 129 134 99 125 112 111 122 97 122 85 82 85 63 67 74 44 16 34 54 83 110 28 50 18 20 27 26 80 56 51 42 60 87 109 121 80 47 56 90 35 97 97 111 93 100 109 142 157 170 172 147 186 118 156 159 159 176 149 174 179 176 155 154 172 141 153 138 97 137 174
100 143 139 134 130 137 112 148 118 156 134 159 129 125 160 150 152 137 142 146 146 167 148 142 113 140 136 131 116 116 139 89 121 113 111 117 104 68 75 73 85 54 57 35 59 56 73 134 134 49 25 20 22 70 56 47 30 28 82 79 94 93 43 65 40 11 66 87 70 70 84 93 124 143 154 181 154 175 131 160 162 158 166 168 169 180 156 158 151 159 138 124 126 124 142 119
110 148 127 119 124 128 122 135 131 150 136 137 135 151 169 181 150 158 158 162 163 163 162 146 149 160 143 139 136 131 131 78 144 119 119 137 96 73 88 82 72 66 55 92 43 43 153 186 192 99 13 34 27 53 57 33 31 34 55 55 68 76 77 51 39 31 62 43 35 73 82 91 110 134 101 162 117 165 175 166 150 164 156 172 150 120 138 125 95 131 143 124 89 113 115 98
137 146 110 142 145 133 123 141 129 132 133 149 152 131 162 186 135 159 163 168 167 158 154 144 130 163 146 140 84 149 128 136 146 83 123 97 79 66 72 74 78 75 79 97 37 88 150 182 171 164 15 17 24 25 36 34 38 42 40 41 33 64 39 63 41 37 59 17 58 39 61 68 50 76 66 113 126 132 164 160 149 105 121 123 116 100 61 34 60 80 89 124 68 52 64 49
142 137 112 144 134 149 113 120 147 143 133 155 140 126 151 173 161 152 158 176 157 165 160 150 144 155 139 143 139 141 128 75 111 110 89 99 61 54 76 92 75 71 66 74 64 119 137 135 190 129 47 29 15 19 45 34 34 47 39 39 40 44 40 40 44 34 73 46 34 36 46 34 53 56 46 66 80 102 140 137 142 49 95 46 78 55 47 45 62 70 87 86 65 42 76 36
154 142 99 157 130 134 131 117 142 137 135 147 173 151 172 153 147 160 160 155 144 164 163 149 147 164 109 120 173 123 114 74 84 77 51 68 30 72 106 79 52 172 91 145 59 112 148 194 187 153 62 99 26 20 24 29 33 58 37 39 25 38 43 38 34 30 47 50 44 44 41 40 56 32 58 46 12 47 129 69 50 45 80 51 46 37 51 52 43 77 36 66 61 23 57 62
158 125 111 151 124 147 143 144 152 146 128 147 151 158 172 154 142 163 130 174 138 138 152 145 132 146 112 125 162 113 118 109 86 120 44 66 119 76 80 93 91 200 149 184 127 161 151 185 166 133 149 174 114 27 26 24 27 52 25 26 35 34 30 25 40 34 32 41 34 49 39 28 30 21 43 68 38 79 82 59 60 58 41 35 25 35 46 57 49 55 61 53 63 18 36 35
144 128 124 126 145 140 150 154 155 145 184 138 159 157 180 155 168 156 133 146 146 134 143 140 145 118 133 114 148 116 114 106 107 156 33 69 137 53 94 93 145 184 127 172 173 179 143 125 146 43 185 159 149 80 76 34 20 30 26 15 15 29 29 29 41 41 35 33 33 47 60 33 69 28 32 38 36 33 22 32 39 59 51 44 18 34 43 74 44 30 96 87 97 64 48 14
144 118 173 78 159 145 119 147 157 161 179 118 140 144 168 151 165 163 123 150 142 134 171 140 144 129 148 126 154 125 146 63 122 135 32 84 77 58 103 68 183 131 126 152 169 198 195 123 150 51 175 181 161 151 37 51 27 17 23 15 12 36 24 31 41 40 53 25 51 85 64 42 156 118 45 39 37 24 30 23 23 41 51 48 20 59 53 105 53 120 97 77 90 118 70 54
126 109 166 83 159 133 142 128 140 147 146 129 123 137 155 146 162 155 125 155 138 148 176 111 190 164 143 122 135 145 133 56 97 121 46 34 76 109 154 65 188 128 96 161 155 177 184 148 165 74 138 174 99 81 26 80 45 29 20 22 24 38 26 32 37 43 57 19 98 105 123 72 123 126 51 73 113 89 95 44 18 40 69 43 31 41 72 78 113 112 112 66 45 75 79 88
122 103 130 115 116 100 168 119 150 150 139 151 141 129 142 149 166 169 102 157 161 151 151 87 199 167 154 109 122 140 122 107 105 154 85 51 33 102 186 55 178 95 84 55 55 166 158 135 147 92 119 27 62 87 28 74 107 22 34 26 9 44 41 43 42 54 52 21 48 103 148 68 29 42 61 84 107 113 104 54 30 61 90 52 65 78 92 84 117 72 117 84 46 85 85 85
110 120 101 161 101 108 184 153 159 165 148 161 144 123 120 125 147 142 109 179 169 113 136 114 114 141 130 98 104 118 119 115 85 153 43 48 27 88 156 59 126 102 79 73 33 202 195 128 121 115 92 37 139 157 113 74 117 23 42 15 29 44 49 37 57 63 66 13 48 93 84 89 55 44 56 62 105 69 36 42 15 42 106 100 125 133 147 115 106 94 103 80 99 88 91 76
93 132 102 122 122 127 159 147 146 162 152 158 129 112 109 136 120 155 122 128 156 125 132 150 137 110 124 85 121 119 91 106 75 78 75 38 58 91 67 76 97 85 88 110 55 199 199 91 86 84 98 132 143 104 148 94 150 13 50 8 29 40 38 51 34 64 42 18 42 57 51 63 47 37 98 77 47 46 32 36 59 72 113 110 156 139 157 143 124 113 103 78 78 82 120 84
98 103 114 112 119 112 139 114 131 153 168 127 120 94 129 133 104 147 112 70 128 88 133 105 127 108 160 125 120 58 101 104 91 68 87 30 51 64 62 77 131 78 82 90 111 158 167 66 139 39 81 164 77 31 144 89 138 26 68 51 29 33 35 35 41 69 25 20 31 71 64 61 50 54 53 79 38 26 67 48 58 90 93 113 134 147 145 138 149 175 100 64 101 111 106 59
118 111 95 113 88 119 142 103 124 148 102 104 93 111 119 131 124 99 100 89 119 98 148 79 108 123 149 148 101 80 77 99 104 138 63 43 49 50 34 69 104 68 85 81 123 49 47 88 148 103 69 170 35 41 79 121 124 35 123 114 24 26 30 35 44 39 37 21 34 69 54 76 40 43 21 26 47 45 113 60 110 64 95 93 105 152 144 159 172 152 140 115 85 137 81 89
110 115 92 125 106 114 140 114 83 87 70 132 136 124 106 107 127 108 98 84 127 104 128 74 110 106 128 146 126 96 90 93 115 134 19 50 57 45 39 47 68 69 80 85 101 107 48 130 120 136 105 130 49 150 141 110 70 61 122 108 31 28 23 52 53 10 51 41 53 100 62 45 28 29 24 60 89 76 146 50 54 48 73 131 124 100 137 155 146 153 129 141 88 159 94 98
83 113 82 82 131 106 131 128 69 140 97 124 129 140 91 127 123 109 78 85 131 105 93 75 113 101 140 121 131 105 129 99 118 89 36 41 52 48 43 47 87 88 86 78 98 122 131 105 75 130 128 112 105 183 187 102 55 96 70 102 52 17 14 41 45 47 44 49 53 115 59 25 27 26 27 74 69 120 140 57 51 52 99 120 109 106 130 156 121 125 112 142 111 148 129 117
75 79 96 63 146 68 139 96 82 153 135 108 155 116 91 107 115 99 111 79 108 95 96 88 88 120 127 96 97 95 93 109 76 25 22 39 41 46 65 51 84 100 97 80 70 110 145 134 76 90 55 70 66 156 175 120 42 69 69 75 41 19 22 24 34 53 54 48 53 75 27 39 34 38 74 65 61 117 131 42 63 59 139 67 83 84 86 106 121 145 114 116 133 134 147 116
56 83 66 61 146 51 126 78 90 117 138 44 121 105 89 97 112 42 71 64 68 92 91 102 84 106 146 118 99 78 105 115 45 29 36 50 36 37 77 54 70 77 53 86 83 98 113 106 131 96 60 74 29 88 105 106 55 65 50 29 33 16 12 29 40 36 57 62 38 32 33 30 24 65 84 67 79 92 107 81 43 86 114 63 85 76 95 95 116 159 105 76 145 151 159 103
76 87 57 59 77 56 113 40 97 84 119 89 85 96 78 67 95 38 51 70 84 101 85 97 113 116 136 97 48 115 91 45 30 52 43 40 50 52 61 59 54 85 71 91 75 99 127 120 128 128 73 64 43 91 46 85 55 39 51 32 27 49 60 32 46 50 71 65 39 12 34 38 31 33 44 85 101 156 140 129 49 68 59 65 95 85 96 95 107 142 130 113 160 180 138 99
38 82 59 77 66 62 62 56 79 82 91 78 109 126 74 80 72 39 51 56 90 103 58 75 113 118 142 82 32 47 70 25 36 58 54 46 45 60 56 51 57 67 67 66 82 103 111 121 138 153 91 102 81 61 53 55 53 39 44 32 65 71 60 49 50 69 41 64 36 19 13 41 36 27 48 45 150 173 165 170 48 68 74 61 95 98 111 109 112 144 135 126 142 191 155 112
21 80 35 29 47 67 61 86 77 80 83 63 72 48 87 59 36 39 60 66 84 67 78 66 128 114 119 80 38 37 26 52 49 60 51 52 58 55 52 58 64 81 75 87 100 111 142 125 146 157 94 80 65 74 36 51 77 40 25 30 50 80 55 55 68 51 20 73 47 32 23 37 39 37 24 64 119 152 142 142 105 70 64 63 96 100 119 118 121 151 145 133 143 169 173 160
32 34 29 33 40 46 27 72 46 71 64 68 65 66 76 48 44 54 51 70 74 122 86 98 117 94 90 89 46 41 57 57 47 42 60 61 69 63 56 43 69 79 70 97 117 125 130 120 162 152 98 83 50 90 68 62 67 35 49 37 71 64 49 78 116 43 55 59 39 33 40 31 28 68 29 59 53 106 100 129 140 106 88 69 93 101 121 130 113 137 149 111 159 171 170 166
26 25 41 29 40 62 23 39 23 64 43 54 44 50 51 85 81 74 81 83 109 119 107 92 86 73 106 114 17 39 56 69 57 55 74 56 58 67 70 67 65 74 79 89 84 89 127 130 163 156 78 72 53 124 59 81 64 43 44 31 51 60 59 68 112 31 65 46 28 37 30 25 36 46 71 55 102 103 112 114 79 114 100 77 107 105 90 101 116 125 159 211 203 200 166 160
31 16 32 43 50 75 76 30 23 73 40 34 38 27 78 91 72 80 62 90 101 124 79 122 48 107 109 69 22 45 52 94 61 58 48 60 68 50 55 91 57 64 84 86 101 98 137 127 157 179 45 53 53 80 28 87 71 71 42 51 49 58 60 75 128 38 47 36 32 22 21 32 28 97 67 60 35 127 89 122 78 109 48 93 94 127 109 127 125 182 207 202 198 208 175 172
