images/example.asc
ncols        651
nrows        1156
xllcorner    0.000000000000
yllcorner    0.000000000000
cellsize     1.000000000000
[rows 470 to 516 of 1156, columns 96 to 191 of 651]
90 52 55 56 78 50 67 36 45 55 91 120 141 141 138 155 161 156 155 168 165 166 182 175 165 171 183 195 137 157 142 181 188 124 178 150 138 107 126 71 119 101 66 57 68 80 193 148 99 93 99 136 147 95 29 24 72 52 56 47 186 168 168 210 172 187 212 170 167 201 210 109 196 195 203 236 164 215 228 203 216 224 230 234 229 234 222 210 211 98 148 75 75 42 87 167
147 67 86 61 49 48 84 23 59 109 139 155 167 159 150 151 141 139 145 173 182 183 197 204 214 177 164 167 181 185 172 173 175 185 174 123 180 134 160 148 116 125 156 42 53 122 59 128 84 73 87 39 69 129 35 26 82 48 27 122 189 196 159 194 145 187 169 180 203 151 152 194 189 214 222 226 233 160 187 224 219 204 208 231 229 226 239 233 206 148 92 87 140 34 151 134
146 55 74 78 44 69 26 117 127 133 122 171 151 156 158 157 174 157 143 170 188 187 182 203 204 179 189 190 184 197 194 188 190 185 194 180 176 158 197 201 144 114 105 132 121 158 56 60 111 149 100 58 32 29 63 21 35 66 39 174 153 166 147 200 172 209 204 207 190 212 177 193 202 219 241 161 218 238 181 220 197 225 223 229 232 232 235 237 212 139 44 72 162 90 141 68
165 60 47 70 35 43 104 131 162 173 159 160 163 160 166 177 185 213 210 177 192 186 166 192 224 197 197 193 185 189 193 179 181 180 177 181 187 187 190 184 182 190 120 146 160 150 162 83 84 25 44 60 96 33 56 12 6 55 32 186 200 90 89 161 158 186 136 171 200 185 189 202 211 213 245 170 158 229 234 239 168 178 210 230 233 236 230 222 203 179 77 132 171 159 47 117
38 64 41 23 44 97 146 146 151 173 184 198 194 173 185 176 170 194 182 194 202 191 180 189 211 203 194 189 218 198 194 203 196 190 194 160 199 188 175 215 205 172 151 158 176 105 140 61 42 96 43 133 122 56 86 103 16 45 50 142 198 177 70 159 161 167 150 208 199 198 208 220 218 209 243 204 211 165 169 208 226 200 206 231 229 231 232 220 210 190 63 119 46 51 55 47
186 46 35 62 100 111 147 144 163 172 156 172 202 180 177 186 193 195 186 203 195 192 182 196 212 192 198 205 213 198 210 202 196 195 200 199 208 204 196 192 212 206 214 181 169 160 142 148 89 69 53 31 93 37 52 10 18 35 31 52 183 201 181 206 179 198 207 207 199 202 203 210 212 176 236 208 218 227 179 135 97 105 142 208 203 231 242 242 229 187 64 142 106 47 49 56
186 196 99 105 141 159 164 176 183 180 192 189 186 190 149 187 194 189 204 186 189 207 184 199 198 207 209 208 205 204 198 198 194 201 201 202 203 202 203 209 197 202 204 186 183 198 187 161 115 87 68 26 153 10 154 163 3 37 33 78 183 99 201 200 156 197 199 203 200 203 208 207 213 199 230 200 212 220 236 111 182 199 164 151 165 155 216 206 168 74 52 45 156 70 94 50
213 159 124 131 161 177 158 176 194 181 176 216 201 187 174 179 188 194 187 187 205 199 179 191 211 207 213 211 217 217 199 206 200 198 206 200 205 199 198 204 202 208 204 195 194 210 197 165 98 58 70 66 175 193 173 175 12 32 15 102 181 98 213 207 231 197 219 205 207 203 207 194 210 225 230 198 218 227 152 117 130 208 146 144 207 193 174 190 125 78 72 40 81 126 29 98
95 111 126 163 183 169 184 179 193 180 193 207 191 200 183 172 190 189 197 206 204 183 197 195 210 204 207 208 206 200 192 202 217 215 201 215 214 206 214 205 205 206 195 209 196 196 197 157 96 177 73 78 48 172 197 141 2 30 57 148 125 133 176 202 173 113 226 211 216 212 206 188 229 228 215 208 224 217 231 238 200 177 210 239 238 237 228 228 221 183 52 47 108 143 23 44
111 98 135 149 179 175 183 184 196 178 189 201 173 197 193 195 197 187 189 196 201 195 198 194 215 201 201 205 201 208 203 209 214 208 207 217 210 215 206 208 208 217 213 208 203 213 202 180 169 204 126 106 138 92 27 13 5 22 120 114 116 150 194 182 147 151 186 210 199 205 212 218 238 193 217 214 222 221 222 229 233 212 232 251 237 237 230 220 215 164 132 84 94 44 22 64
117 154 163 151 164 181 183 178 195 198 192 196 188 187 177 197 202 199 191 189 187 196 193 212 217 225 210 216 208 210 214 213 211 211 216 211 204 208 210 226 210 214 219 217 204 203 211 207 142 175 166 102 59 107 61 90 114 9 123 139 143 187 196 186 190 196 185 192 195 194 201 209 216 207 211 210 212 213 221 224 228 231 217 217 240 242 227 235 194 156 98 35 54 35 19 59
145 149 167 176 165 189 180 193 209 193 181 198 210 209 176 183 209 193 193 189 194 191 199 203 196 214 199 203 212 218 207 205 208 223 174 193 212 206 214 211 192 216 238 216 203 207 206 226 180 215 162 141 118 74 61 82 75 13 99 164 161 175 185 185 192 195 193 197 187 199 212 207 210 211 218 213 217 222 219 221 222 232 241 218 214 229 233 236 213 129 42 99 91 31 11 55
175 185 191 181 177 184 196 193 198 220 195 198 192 214 195 193 201 196 200 192 219 194 199 194 177 192 219 202 199 211 193 212 207 209 188 223 207 212 223 208 226 220 215 223 220 215 209 199 189 187 191 179 144 131 97 77 40 22 125 142 162 174 208 210 188 198 201 203 198 208 215 221 211 220 213 221 219 220 219 224 224 225 235 238 230 219 182 218 106 57 92 46 98 78 40 60
175 168 159 183 189 211 204 187 191 199 205 189 194 203 217 205 198 198 190 182 205 193 197 197 169 195 227 221 203 201 219 230 200 206 203 215 209 210 206 221 223 223 214 226 217 215 220 216 215 201 212 211 127 51 133 80 15 43 126 145 158 156 207 205 213 195 202 209 223 219 218 217 215 209 223 218 216 219 220 222 226 230 219 235 231 241 244 135 138 55 133 61 126 31 57 101
180 173 151 197 185 214 185 182 195 204 202 194 192 211 196 203 201 195 191 200 201 186 234 207 201 190 203 208 201 204 225 219 204 193 201 195 202 208 212 212 217 209 213 230 216 223 220 215 212 205 207 193 184 182 103 106 22 51 145 144 170 181 188 208 213 203 211 212 204 202 214 218 211 217 223 217 211 221 225 220 226 227 232 239 240 247 236 237 143 59 39 90 78 69 41 68
168 167 173 219 197 173 178 187 199 199 206 200 195 205 196 194 193 196 198 201 198 194 211 191 207 192 204 194 197 201 202 209 208 208 201 203 204 212 199 206 211 213 213 216 222 223 215 198 219 189 204 198 171 152 198 123 75 22 143 148 174 174 189 210 213 213 212 203 208 209 217 208 220 225 227 214 222 220 216 227 225 229 238 243 243 235 236 232 220 192 56 77 63 72 79 84
169 157 173 186 187 207 230 214 183 214 203 206 199 211 201 200 203 200 199 196 200 196 193 187 206 207 193 207 188 194 184 201 212 210 186 204 210 201 204 211 208 208 212 213 225 224 225 220 215 212 195 194 211 192 159 81 129 24 111 154 169 174 186 204 214 208 208 215 206 204 215 207 210 205 209 201 205 224 222 221 223 235 237 241 237 245 230 214 228 122 158 119 24 73 39 104
183 172 169 186 182 187 182 190 216 189 196 206 200 196 217 198 190 207 220 194 193 188 201 207 206 210 195 202 186 186 197 203 200 201 205 207 205 206 204 206 208 217 228 229 223 212 214 227 220 227 217 193 180 162 170 141 75 30 87 143 100 169 154 199 199 221 201 199 211 215 208 205 206 206 217 206 218 215 220 227 230 238 232 245 244 231 232 213 217 65 79 108 70 51 25 38
166 175 185 176 179 195 195 194 204 192 192 208 180 187 190 204 194 192 212 197 200 189 189 195 193 199 206 184 188 204 213 210 189 203 212 214 201 203 204 207 206 217 213 221 226 221 221 211 207 203 210 195 188 189 161 129 94 35 27 152 64 155 135 177 201 202 193 205 200 193 207 211 222 222 216 218 216 219 221 226 228 231 236 244 220 228 243 232 184 49 145 103 72 24 49 53
194 156 171 175 153 192 189 183 197 202 192 200 182 165 177 191 192 182 202 196 211 228 202 190 206 196 198 198 196 202 196 224 198 205 191 201 208 195 210 207 206 212 211 219 215 217 237 215 212 205 209 172 217 79 53 57 67 19 14 101 58 140 180 184 200 209 188 194 192 200 207 209 213 225 222 212 214 212 225 230 224 231 246 243 239 233 231 142 94 83 144 130 34 67 41 38
179 204 129 165 150 179 186 194 186 202 194 188 204 191 196 163 186 186 205 201 196 211 195 204 214 211 206 192 191 194 204 211 205 202 203 193 206 204 210 200 205 207 215 221 212 223 226 217 211 207 192 177 201 141 121 73 62 59 30 119 173 149 139 179 183 212 203 191 195 197 206 215 217 213 217 234 220 226 230 225 231 233 240 240 237 241 234 179 106 67 80 92 20 105 43 23
189 164 143 168 164 186 183 191 210 218 215 186 183 183 185 183 185 196 201 188 179 194 192 199 199 194 202 193 199 202 218 201 203 205 216 214 199 201 215 214 205 220 224 211 204 224 185 209 200 196 199 206 173 163 122 100 83 67 63 46 132 159 184 192 173 184 209 189 203 176 208 208 210 214 216 221 217 228 225 225 230 241 233 243 242 227 222 215 57 45 76 91 41 41 33 67
178 182 160 157 184 195 185 193 200 197 203 183 185 182 190 179 181 205 196 194 197 197 199 195 200 200 201 192 196 205 205 202 203 216 216 215 211 201 195 208 194 203 203 218 207 220 215 212 188 201 193 212 197 137 43 84 39 76 79 38 110 146 142 197 125 175 191 146 196 194 200 214 209 205 212 215 221 221 226 215 228 241 233 232 227 225 151 132 70 74 129 35 51 43 74 95
184 195 168 170 183 188 182 175 188 188 187 193 182 184 198 189 190 205 191 206 224 199 196 198 202 199 196 192 204 211 203 207 212 204 209 211 207 217 208 172 204 159 210 213 223 229 204 185 196 195 187 219 163 33 49 61 38 72 115 40 25 141 154 184 140 161 182 189 182 180 179 201 202 205 207 219 224 225 207 231 237 236 231 226 228 217 194 91 69 72 139 49 44 83 51 62
175 192 195 191 182 190 186 193 200 193 195 192 185 180 154 149 181 187 195 198 193 195 186 194 222 201 200 195 206 195 197 201 209 212 213 233 208 185 207 195 203 188 215 210 212 216 181 191 197 187 174 176 175 31 66 39 83 72 116 56 83 6 135 171 163 155 142 170 177 173 170 175 185 201 208 208 222 222 235 159 228 232 238 232 217 193 202 140 84 50 126 82 20 26 95 55
181 186 199 204 206 181 194 191 201 194 221 186 187 182 197 173 188 192 188 189 205 192 196 198 196 209 194 195 202 203 206 207 208 214 210 213 204 205 208 203 204 209 212 199 203 162 179 190 197 200 193 163 179 42 73 30 92 104 70 73 16 19 8 35 147 161 145 140 150 155 168 174 196 183 183 205 214 213 223 176 231 226 225 223 212 210 124 143 95 67 85 86 103 45 130 121
186 191 185 192 192 191 198 185 203 191 208 197 194 194 194 156 143 184 183 184 190 197 201 180 186 197 190 197 217 216 217 203 216 205 207 214 204 210 206 219 206 198 208 198 199 185 172 199 208 193 188 63 70 90 29 67 70 26 74 27 9 21 30 28 19 62 152 171 162 155 162 181 175 194 125 89 134 201 211 225 236 180 228 218 210 221 77 104 54 74 125 99 71 99 62 78
182 195 184 182 174 196 196 193 233 213 200 218 224 175 206 189 155 179 182 184 188 182 216 198 187 181 201 199 203 219 177 204 203 209 205 203 203 219 199 177 210 197 198 188 188 192 156 199 198 145 65 62 42 60 63 68 24 27 25 47 79 30 19 25 6 8 9 77 151 177 165 171 146 112 95 137 195 218 219 231 227 224 214 232 206 193 76 89 71 84 49 70 76 92 46 171
204 205 194 203 217 188 198 196 203 212 226 222 204 193 198 176 194 187 187 189 207 212 202 202 184 221 222 202 203 192 177 195 214 212 211 205 208 206 189 201 195 203 181 206 190 164 157 117 49 87 57 139 116 100 80 55 137 152 54 121 33 11 19 44 72 22 12 41 18 26 107 135 145 128 96 179 175 212 208 224 218 217 222 201 191 149 42 45 72 106 113 121 69 104 29 20
205 197 186 203 221 194 187 197 180 192 222 208 197 202 177 194 203 198 204 193 202 214 220 210 186 205 209 210 201 205 211 186 185 197 190 191 205 196 194 184 184 198 169 164 172 169 176 44 69 61 89 32 47 48 49 62 162 136 29 22 2 86 24 24 29 91 14 79 12 24 66 35 59 72 149 136 158 195 199 186 198 211 185 161 170 49 78 92 109 67 128 64 97 146 44 36
203 192 190 199 184 197 190 189 191 198 198 169 215 203 203 171 217 212 193 194 204 198 200 217 192 198 202 215 198 204 210 187 215 195 194 204 172 179 176 162 174 170 162 161 177 185 55 29 78 67 106 28 106 34 86 37 61 128 39 125 99 90 11 49 59 81 21 93 93 24 56 99 64 20 38 30 72 168 184 184 176 196 168 146 78 39 95 83 77 74 52 105 61 123 73 24
191 184 178 184 190 189 192 215 180 200 190 190 220 214 237 197 165 242 209 205 204 201 199 216 185 196 226 192 205 223 200 202 194 197 189 169 148 143 151 145 137 123 120 124 114 109 60 33 42 65 75 116 96 50 114 148 38 173 141 64 100 126 42 42 24 51 9 75 40 76 121 110 52 56 72 109 49 34 34 42 36 40 32 25 38 41 120 80 85 80 29 35 18 60 110 60
187 190 181 191 182 176 184 193 205 199 165 187 198 189 212 248 222 232 189 200 207 193 204 202 195 209 160 169 198 190 190 190 155 195 174 134 126 165 124 115 158 149 122 138 63 116 86 30 102 47 29 34 54 42 184 157 103 89 154 32 24 120 71 89 37 67 61 53 43 68 68 106 64 72 74 53 40 57 81 50 32 40 53 94 77 24 45 56 48 79 177 128 32 48 77 141
181 154 196 189 186 183 177 191 203 202 208 215 190 188 196 221 205 231 205 200 213 216 193 196 195 209 198 188 190 201 173 182 151 171 178 117 77 53 109 99 59 86 114 59 107 85 130 88 82 111 49 69 26 163 184 173 125 89 156 74 156 194 35 48 16 44 46 36 22 78 36 52 65 55 110 95 52 71 146 19 27 92 60 82 51 82 112 19 48 54 38 63 131 127 33 133
182 179 186 185 188 176 184 189 193 201 201 192 200 190 182 181 194 165 175 192 190 200 204 192 188 199 201 209 163 145 155 130 169 172 135 144 140 88 122 30 72 85 55 94 122 112 111 34 86 98 86 39 104 49 198 186 139 94 94 85 47 33 49 104 40 80 55 75 109 78 54 66 67 113 79 67 119 46 78 86 30 52 91 43 148 176 159 43 95 88 41 94 39 109 75 146
148 180 172 188 186 188 183 182 179 191 199 197 198 203 205 193 186 192 194 196 171 179 190 170 188 140 72 142 114 158 163 156 117 87 88 34 108 27 59 21 73 94 56 117 159 61 61 129 107 51 59 135 114 41 67 27 27 30 66 35 54 50 75 110 16 92 62 45 73 78 65 54 119 152 176 55 145 159 130 58 52 38 77 106 38 80 119 97 71 105 40 50 87 16 70 122
157 177 170 173 170 166 171 176 177 185 192 191 181 187 182 173 182 176 168 165 172 164 153 105 127 133 94 59 108 118 112 156 82 96 71 42 51 68 39 111 74 66 94 86 131 54 55 60 132 65 39 79 101 41 68 38 105 187 145 51 76 39 85 74 49 135 121 129 114 87 84 98 80 52 210 190 32 17 64 84 49 91 91 45 67 27 116 49 42 15 88 17 107 193 187 41
160 195 173 172 166 162 180 179 167 203 189 159 180 179 182 184 113 157 167 150 139 160 158 160 117 105 90 73 51 132 89 120 63 74 78 84 96 88 91 62 77 93 153 97 36 34 66 64 78 105 148 48 114 101 26 71 131 84 182 144 44 36 45 83 143 110 105 76 91 84 107 86 111 82 50 135 114 40 53 65 117 71 42 131 49 76 78 47 116 163 47 52 43 178 104 88
177 177 165 180 191 156 160 157 167 156 158 160 153 153 159 175 147 151 130 128 107 149 114 70 91 104 54 43 49 29 67 54 47 78 76 42 45 115 122 64 86 74 98 92 41 66 84 110 83 98 84 80 117 90 16 80 76 13 33 130 24 113 72 77 64 133 57 114 53 83 99 137 86 130 44 50 130 32 46 67 76 65 72 120 108 51 106 49 52 50 97 100 43 51 45 71
142 149 140 172 157 95 87 88 112 86 86 72 46 51 96 131 134 143 140 99 54 183 101 71 103 60 76 45 89 8 59 58 63 61 65 78 45 138 94 93 73 60 41 44 203 52 102 101 122 80 71 79 57 51 108 21 37 73 49 78 74 37 85 137 72 31 90 37 51 88 59 84 23 88 39 87 106 28 33 125 89 77 65 70 60 84 53 50 84 72 78 47 87 124 63 97
93 62 96 115 61 45 92 125 146 62 64 107 64 53 48 40 69 53 50 40 195 202 206 111 42 39 59 91 61 46 81 53 80 98 74 83 41 100 74 162 124 112 82 103 56 48 69 108 117 56 52 87 102 50 31 42 68 90 119 76 70 111 95 79 75 49 73 47 55 63 67 84 70 98 73 77 82 65 64 52 102 51 74 47 72 71 85 27 86 67 76 27 61 81 119 75
70 92 85 129 72 52 66 50 14 95 57 67 112 44 67 62 30 31 34 28 37 219 174 177 167 110 44 96 51 46 128 125 91 76 54 95 136 83 54 93 69 67 106 88 78 151 128 137 108 42 110 32 57 83 83 91 116 28 125 102 131 138 105 59 58 64 87 158 52 55 53 87 117 108 101 92 32 44 53 132 41 55 131 83 67 93 84 51 26 36 59 69 24 82 85 70
34 44 79 59 78 97 33 35 47 33 74 32 109 109 35 48 44 64 50 27 41 60 73 148 78 59 75 131 57 75 56 93 85 58 76 77 79 129 59 66 93 111 36 59 58 46 66 48 11 40 20 23 50 53 48 91 28 31 98 99 110 149 86 58 65 68 111 98 97 139 52 99 79 43 103 108 33 40 70 64 201 165 44 53 30 81 96 73 49 51 33 61 85 58 105 87
22 32 65 46 58 71 54 65 72 55 114 46 81 132 64 22 46 68 72 17 28 107 76 78 96 114 85 80 141 87 57 92 61 81 70 88 67 84 76 68 80 139 41 139 47 50 20 80 27 29 26 47 12 84 58 56 69 50 73 141 109 78 56 87 71 62 74 77 77 27 59 106 47 72 101 118 27 110 61 32 83 92 78 61 61 38 74 48 59 75 69 136 30 31 172 94
43 68 47 98 94 121 93 87 98 88 88 77 72 27 56 59 109 88 57 18 50 23 61 123 141 144 40 73 118 73 91 82 85 132 118 89 59 78 85 26 76 119 84 77 53 66 35 64 49 35 59 42 76 56 47 57 37 55 98 39 52 102 105 97 36 58 43 63 131 143 68 25 52 115 66 58 30 90 88 40 60 37 93 32 141 68 60 60 52 68 89 107 79 40 86 50
17 50 100 111 123 141 65 59 102 113 76 57 51 109 37 30 13 17 53 41 52 30 78 114 104 125 51 76 94 121 112 83 80 75 142 148 54 96 87 50 79 73 16 108 59 70 39 53 39 48 54 77 71 55 29 100 113 74 60 141 65 67 56 60 52 109 95 50 52 51 39 41 62 91 62 81 81 93 51 67 75 91 94 85 100 115 55 94 63 78 68 82 123 143 66 130
76 106 135 141 61 64 126 166 67 62 165 184 176 170 159 169 83 141 158 34 48 73 80 39 53 70 118 130 114 66 111 143 45 75 83 74 132 38 74 109 86 126 24 81 46 38 23 30 27 50 88 84 99 53 74 135 83 71 85 156 72 93 95 63 89 41 82 55 74 139 132 96 63 50 59 51 49 99 60 76 78 31 79 149 70 85 96 94 52 113 60 44 175 112 72 71
