images/example.asc
ncols        651
nrows        1156
xllcorner    0.000000000000
yllcorner    0.000000000000
cellsize     1.000000000000
[rows 141 to 187 of 1156, columns 96 to 191 of 651]
112 107 89 89 118 127 126 105 115 155 72 88 130 130 93 104 103 135 82 76 91 53 59 51 35 32 93 75 24 72 142 133 43 75 14 41 10 50 57 68 55 53 61 37 21 61 36 30 39 50 23 34 33 39 39 32 30 58 20 26 17 31 24 46 85 167 171 127 75 94 90 88 81 89 95 109 84 35 60 42 69 67 82 65 48 33 22 85 10 10 30 72 70 110 71 73
87 109 124 79 131 121 118 130 117 137 107 111 121 105 90 96 113 120 137 76 70 73 84 32 48 51 66 126 18 23 109 145 40 48 41 47 44 42 105 83 80 44 71 50 47 31 41 33 50 47 48 41 46 32 34 37 36 39 31 25 30 16 35 40 82 184 162 132 80 87 91 95 90 96 96 86 100 75 42 48 48 60 67 37 53 52 25 81 59 16 44 52 67 52 78 85
77 103 110 74 111 113 92 125 128 123 142 135 100 97 101 112 74 68 137 115 74 53 61 39 38 27 36 100 18 21 38 66 52 42 32 39 67 53 80 87 63 33 34 43 45 43 40 59 46 51 36 23 55 27 44 37 40 29 39 27 22 27 33 59 107 166 157 134 98 99 90 98 87 89 121 77 126 146 127 47 34 50 72 29 51 49 30 32 58 66 106 76 78 68 78 86
90 86 119 94 92 107 115 97 125 74 97 96 123 92 141 111 68 81 93 140 78 65 55 43 48 39 19 37 44 34 32 44 44 31 42 24 96 48 50 72 50 43 47 44 38 35 40 45 51 42 57 23 40 55 39 43 42 42 29 27 31 33 36 15 125 170 165 142 89 94 100 93 92 71 127 100 134 152 147 81 34 38 79 56 51 53 43 15 40 95 100 150 70 87 86 62
109 61 127 94 122 107 117 126 85 61 100 97 76 81 98 117 113 63 135 101 84 71 35 40 63 69 51 52 25 39 35 42 49 35 42 43 42 60 51 74 23 23 42 44 35 40 45 48 40 45 66 71 83 131 34 40 40 40 31 33 24 33 34 29 132 149 156 151 92 101 96 101 81 66 84 77 41 91 117 103 73 70 91 109 69 56 25 33 36 112 104 120 116 68 104 66
59 79 124 94 111 117 163 124 85 79 96 99 105 80 70 101 121 105 52 56 47 67 31 44 40 40 53 133 64 38 29 73 38 55 45 52 44 51 55 110 11 36 31 47 46 32 57 43 51 57 111 79 168 202 24 46 44 52 43 42 41 31 26 34 122 157 166 137 87 98 93 86 85 61 77 93 72 67 72 131 89 83 77 93 129 45 61 53 36 64 107 107 123 65 95 68
69 83 112 82 68 87 148 89 108 66 65 68 79 83 88 79 96 114 54 56 99 123 38 48 36 37 43 141 67 59 59 42 88 42 36 63 96 28 84 80 35 30 39 33 46 50 57 68 65 81 99 71 177 220 44 39 36 40 47 37 25 26 29 16 150 163 170 104 86 98 91 95 79 66 83 94 79 69 28 94 83 82 83 44 76 56 53 53 45 46 81 110 87 54 65 62
76 65 141 101 87 77 118 105 81 97 81 70 75 82 82 62 70 96 66 41 91 101 42 51 59 56 56 59 91 30 113 9 67 70 27 123 159 36 97 62 54 50 42 40 52 72 85 67 96 88 104 77 157 218 47 35 32 87 42 38 34 27 36 61 106 173 132 99 84 73 82 92 67 81 87 123 83 83 92 60 61 86 82 75 122 75 48 51 87 45 61 45 63 58 46 82
39 57 78 102 78 82 140 87 82 69 80 66 77 92 98 64 52 47 61 49 73 24 38 48 55 75 62 82 77 36 106 134 27 77 24 118 97 112 26 44 67 42 30 76 72 68 102 115 104 113 138 92 157 174 103 32 51 47 55 37 41 32 29 68 146 176 89 95 82 56 74 77 59 67 176 160 150 73 121 139 48 98 74 71 120 68 60 53 108 48 67 70 39 56 31 67
48 42 74 97 71 108 84 124 65 108 60 66 82 99 100 56 54 53 75 84 46 42 41 32 37 50 75 141 38 23 35 144 102 70 13 131 69 40 37 7 56 79 20 56 81 72 96 85 157 133 132 95 176 209 135 36 69 57 47 50 45 22 25 59 153 153 79 85 61 54 65 79 107 105 166 171 157 58 181 160 58 79 49 48 126 59 36 17 98 120 104 148 20 77 21 68
51 48 49 59 83 73 49 63 59 103 85 55 77 46 60 44 78 36 92 60 52 52 35 44 33 45 39 84 60 34 19 159 142 58 10 50 113 34 48 27 20 47 37 34 113 103 83 88 112 111 72 71 166 217 78 28 71 48 41 38 54 42 22 87 171 144 78 77 39 51 47 106 114 87 177 139 113 41 188 168 47 67 77 33 65 46 48 21 33 164 166 169 22 70 26 34
50 40 40 52 51 49 44 48 53 69 69 74 56 68 53 66 32 35 21 40 38 45 45 42 38 71 41 46 81 41 32 66 77 91 21 21 78 51 50 26 47 37 37 43 115 115 114 132 106 121 113 102 168 210 96 84 67 52 44 42 52 35 22 127 166 131 73 65 38 37 62 110 130 91 145 111 53 33 126 197 42 74 100 74 56 48 79 66 28 111 154 124 33 110 76 28
43 39 37 41 57 58 71 62 17 52 50 62 39 45 53 59 44 35 11 19 33 41 46 42 48 63 100 53 185 148 25 71 28 97 135 80 34 38 48 70 36 36 35 51 108 106 133 157 114 140 119 122 162 209 161 64 49 44 48 46 35 25 48 157 155 91 83 51 111 43 35 38 117 112 118 110 84 41 55 194 38 57 62 69 40 24 112 84 59 56 140 69 30 133 140 58
50 65 20 34 14 44 45 105 53 30 46 71 48 55 73 30 61 31 34 17 26 43 32 35 48 55 85 47 157 161 44 76 98 36 179 178 23 21 47 55 54 24 41 29 112 102 106 138 122 88 150 141 163 190 112 69 52 46 52 45 41 30 102 157 99 81 66 47 123 44 63 41 48 119 126 128 121 57 74 79 79 54 53 67 39 27 145 80 94 90 72 89 55 20 133 117
26 48 30 17 31 36 27 41 45 31 73 48 69 38 44 33 100 64 29 35 27 32 35 30 43 64 62 54 34 31 122 76 70 32 179 144 34 23 35 54 52 46 29 30 103 107 137 127 127 62 127 154 96 144 45 57 46 49 42 45 27 20 115 139 77 61 54 105 60 44 82 60 46 77 101 77 84 66 54 76 52 43 50 38 24 38 140 87 114 105 99 92 101 63 74 141
8 27 30 39 24 29 19 27 33 11 7 67 75 18 28 54 91 180 40 38 67 49 27 21 54 56 44 56 38 55 34 128 81 79 60 102 16 38 30 59 56 54 59 117 85 116 130 134 96 99 105 82 124 130 66 50 50 56 50 54 27 80 140 101 69 31 75 36 47 45 98 148 68 63 56 47 76 78 60 76 41 97 64 85 71 102 87 78 89 76 87 103 86 55 162 163
3 53 48 68 39 30 18 24 27 19 7 58 55 30 52 32 29 159 164 19 42 80 48 45 47 57 89 62 34 32 37 82 101 69 76 110 24 25 52 61 57 88 180 186 107 119 102 168 141 163 124 37 84 62 57 55 51 55 42 32 56 93 105 65 60 35 79 54 23 20 119 89 95 23 108 64 87 88 95 84 55 45 134 134 101 144 62 86 70 82 42 102 77 40 144 162
4 36 88 83 30 43 47 36 20 73 17 35 55 43 106 21 29 60 145 114 21 67 58 39 68 66 101 115 179 136 53 36 46 73 116 138 35 36 52 37 39 13 184 153 113 118 90 143 149 153 132 57 111 126 34 50 50 37 49 28 66 96 75 64 38 44 102 106 48 25 73 74 46 54 82 112 61 89 93 77 76 66 146 110 119 126 55 80 61 79 67 104 98 71 40 133
19 6 78 97 70 39 30 32 55 58 80 61 40 39 62 41 57 44 46 50 52 15 50 39 68 47 39 163 202 209 46 67 47 80 115 142 55 99 78 75 39 15 32 130 68 61 98 146 104 147 140 134 167 156 29 53 55 48 40 38 95 87 72 60 51 100 78 128 48 70 46 60 50 42 61 119 95 114 71 75 61 100 109 105 129 105 102 73 88 137 151 137 117 113 101 63
21 33 32 77 116 52 34 35 58 45 105 43 39 41 64 43 58 51 40 32 73 38 20 53 51 41 33 42 197 210 103 58 48 39 103 96 79 95 92 87 42 36 7 89 38 77 72 135 114 124 83 174 129 59 62 55 50 54 40 75 79 68 58 63 37 69 100 101 30 38 48 58 61 61 65 111 109 119 72 81 93 113 115 120 116 75 139 153 138 148 160 157 140 102 112 103
33 12 5 80 65 96 112 31 53 54 39 42 39 46 52 59 71 101 60 57 66 21 44 42 52 59 41 19 94 170 102 57 59 49 69 73 122 79 60 82 43 44 19 24 35 89 50 132 126 92 75 143 74 26 48 39 40 34 75 72 63 66 52 50 56 55 74 80 49 49 61 63 81 57 70 98 82 70 62 76 122 103 124 150 104 92 120 149 153 136 149 149 162 55 111 109
24 19 11 15 29 29 42 42 28 34 47 38 37 39 50 53 41 54 155 50 62 24 57 30 44 65 31 39 112 77 122 98 69 68 57 43 90 72 62 69 67 33 24 49 36 44 90 41 48 73 22 86 111 29 59 39 48 53 64 56 58 53 55 69 74 80 90 67 57 73 72 97 68 67 76 80 61 62 46 93 98 100 143 146 105 98 106 125 126 137 137 97 130 59 117 134
31 28 26 39 37 26 35 51 61 66 90 86 61 95 70 64 46 45 79 65 30 23 12 62 49 70 61 36 24 81 64 30 37 54 55 23 64 83 28 36 39 21 24 22 49 12 82 34 50 45 33 54 70 30 57 43 24 70 52 47 54 61 82 51 36 69 129 139 53 97 60 148 45 66 88 46 86 74 90 101 110 55 95 128 114 112 100 76 140 151 152 73 118 135 146 115
40 20 47 62 57 75 73 65 86 91 98 90 108 140 50 65 75 67 74 46 24 14 6 25 46 52 82 67 40 43 61 48 66 55 57 45 85 115 28 32 56 36 24 43 37 40 27 36 46 36 21 28 53 47 53 46 49 64 43 84 75 59 102 90 78 58 119 151 94 104 90 109 146 69 134 29 73 53 83 110 103 68 68 92 107 134 152 87 153 167 138 49 101 131 137 177
57 71 74 94 93 87 80 84 93 96 100 96 98 154 155 28 72 93 58 47 31 12 9 3 22 32 41 87 99 69 80 46 62 72 24 35 111 48 33 37 54 80 40 54 57 38 23 40 38 31 23 30 43 58 54 67 75 62 52 124 99 60 81 90 74 62 78 146 134 57 67 48 130 99 142 91 49 80 94 114 111 111 104 108 130 126 141 169 113 109 95 70 71 143 140 181
77 105 90 105 116 101 90 90 94 99 107 102 99 110 127 127 65 93 86 60 42 69 28 13 11 51 57 94 119 80 144 36 55 71 54 14 85 29 38 47 31 53 66 43 73 22 31 29 47 66 26 26 44 45 55 62 64 66 20 78 59 44 88 100 80 68 75 118 123 38 46 55 94 151 137 156 69 101 104 116 118 149 139 132 120 122 133 149 104 120 106 78 95 105 129 151
88 108 100 97 103 102 97 91 94 101 107 106 98 119 118 124 83 88 96 102 89 74 57 50 44 40 60 57 42 63 134 100 56 62 57 21 41 40 42 41 52 37 45 52 55 21 30 29 76 80 87 20 35 44 47 36 44 46 71 62 98 37 131 80 84 77 69 104 111 105 26 93 33 171 161 132 83 101 102 111 116 138 130 133 158 140 129 143 106 109 117 134 139 151 120 108
88 97 100 100 96 106 100 88 101 116 111 113 113 117 119 117 133 111 128 87 119 130 99 54 34 40 61 62 47 32 129 160 46 84 54 71 56 63 69 64 92 54 19 55 65 85 33 32 31 55 39 35 48 75 106 82 68 134 92 97 109 86 58 103 71 91 55 89 110 83 83 101 60 104 151 46 87 80 93 103 111 125 126 135 179 142 145 131 107 119 117 156 120 151 141 109
92 87 80 91 87 102 103 101 102 128 112 107 128 130 120 119 134 119 121 110 117 121 139 84 55 41 47 114 46 52 97 165 74 79 58 81 42 28 89 105 126 47 18 44 73 72 31 29 34 41 45 38 86 142 157 182 69 120 121 128 135 142 110 122 62 85 79 68 82 87 75 73 61 37 27 50 56 76 84 88 105 110 124 124 169 137 145 141 95 118 106 113 85 103 109 105
95 80 82 91 90 93 97 103 110 94 111 115 135 142 108 115 104 127 112 114 117 123 128 127 86 54 62 74 71 69 36 88 45 81 63 34 51 27 60 114 123 142 28 54 37 45 23 62 57 75 94 95 101 154 205 177 105 120 129 137 163 139 125 124 141 115 144 85 60 120 55 66 92 64 55 60 53 56 68 66 84 100 117 119 126 166 119 122 77 78 81 68 69 55 65 72
135 90 89 79 87 91 99 104 106 104 117 115 96 89 135 136 126 116 101 114 124 129 114 125 148 120 82 41 84 52 58 64 55 53 95 69 45 44 43 79 80 150 31 33 23 26 34 65 84 103 109 72 110 153 185 182 104 120 123 117 122 137 144 115 142 121 148 140 136 152 72 63 86 78 88 56 100 47 47 47 83 100 95 60 85 128 113 81 54 57 47 46 59 71 69 52
114 92 83 90 83 94 94 99 103 109 100 96 96 97 112 134 126 121 107 123 128 129 134 137 148 118 119 82 26 74 74 34 95 71 40 80 64 44 44 81 49 93 91 15 27 40 48 64 52 109 139 99 137 165 155 91 143 119 147 162 116 128 166 152 114 151 151 165 137 134 124 114 87 104 89 84 98 45 61 62 55 90 80 63 67 90 90 86 58 23 43 37 41 97 79 70
83 91 77 89 88 93 91 96 105 105 107 100 106 111 124 135 127 129 133 134 137 128 125 148 125 79 86 147 56 52 56 28 169 140 52 76 63 25 45 41 37 31 84 17 37 53 55 62 91 102 110 124 126 153 132 113 147 142 149 148 165 130 158 180 171 160 153 161 146 134 119 119 142 111 72 66 85 48 59 63 57 76 62 45 63 74 86 96 61 40 26 37 39 104 101 84
85 132 108 83 88 92 97 97 97 101 96 107 111 117 115 148 140 130 134 134 143 140 115 88 63 130 68 106 124 34 62 45 139 153 121 98 126 48 42 22 20 33 31 43 60 74 64 78 114 123 135 124 137 166 168 132 143 131 185 162 172 147 143 148 173 158 135 142 140 128 127 130 141 125 126 106 45 75 42 83 67 63 51 53 64 54 39 40 63 29 10 33 22 80 109 125
99 125 104 83 89 89 91 85 86 94 87 96 114 119 120 146 143 142 146 142 157 154 138 127 124 103 127 140 152 67 44 97 30 80 153 112 72 142 77 25 14 31 28 71 65 94 95 159 155 137 176 160 154 182 162 179 114 112 161 179 170 141 150 161 167 161 142 139 136 152 150 146 149 137 142 145 114 62 71 54 57 60 40 32 54 85 69 39 29 65 54 56 30 63 65 110
104 92 95 89 88 89 94 85 83 92 89 99 98 95 105 121 111 141 151 151 160 133 146 131 150 138 137 159 172 139 80 44 107 41 12 71 66 46 86 43 28 38 61 60 94 102 132 165 134 130 159 170 166 166 161 159 170 112 158 183 154 136 150 143 178 151 152 153 146 162 159 172 163 167 147 145 152 146 49 44 33 83 26 31 40 105 75 51 56 78 56 49 20 72 40 129
98 97 94 92 76 94 88 86 87 87 77 104 108 106 105 110 113 127 175 152 153 148 147 145 132 144 133 170 191 190 77 33 48 73 55 63 80 24 35 29 30 36 57 65 95 119 122 152 163 110 108 149 187 177 173 166 169 153 143 174 92 139 151 130 137 154 155 148 157 159 158 126 171 139 168 157 171 130 63 38 44 48 27 40 82 102 133 102 73 76 48 37 18 79 41 111
101 100 104 91 102 91 93 80 81 89 93 99 109 106 114 111 124 131 154 148 158 157 138 152 153 159 158 147 165 157 118 26 34 45 29 77 74 35 25 27 80 21 51 95 109 124 116 115 111 101 107 143 177 186 155 162 133 155 159 149 106 112 176 151 114 144 169 154 148 133 152 128 129 104 105 153 211 169 97 45 43 76 33 61 84 84 78 131 82 78 61 63 11 43 55 72
101 111 104 114 95 96 101 83 84 86 101 113 102 106 123 127 132 152 147 162 147 158 155 159 156 159 157 156 171 141 164 36 17 35 41 20 88 41 20 53 168 57 60 92 94 132 130 92 128 122 113 97 164 138 124 136 134 154 140 172 158 136 140 102 118 82 169 169 158 162 156 159 130 132 144 175 203 194 123 14 31 39 60 138 97 84 31 51 94 81 82 79 13 37 28 44
108 106 110 110 109 79 100 90 87 93 101 108 113 120 123 124 142 151 147 153 148 166 151 166 162 164 162 148 171 139 172 79 26 9 79 29 39 35 19 65 173 162 80 96 90 116 167 99 119 127 155 126 149 145 146 145 139 154 162 170 182 108 111 114 127 112 144 150 140 178 152 167 172 180 194 173 171 165 121 41 38 26 18 169 95 72 65 43 94 138 99 88 11 31 27 126
88 104 120 118 102 87 96 103 113 103 106 106 118 123 130 131 152 158 158 154 171 163 168 169 168 167 172 172 175 145 120 105 32 27 46 35 34 25 17 19 133 104 61 133 90 96 184 185 82 116 182 105 127 118 125 165 124 162 157 169 175 110 89 60 57 136 145 141 151 162 170 165 186 163 199 188 162 181 104 59 38 9 11 129 96 92 54 43 128 145 100 117 12 13 60 135
92 128 112 90 112 104 98 93 104 108 120 126 128 135 132 157 168 156 155 161 169 176 168 180 178 173 170 185 170 174 79 112 41 30 45 29 31 21 23 34 51 84 86 158 109 91 147 180 183 140 181 111 111 116 91 137 116 155 114 193 174 151 126 86 91 119 96 75 139 163 183 164 195 186 167 194 181 171 133 73 38 17 25 61 108 91 102 61 121 107 102 71 17 13 62 107
93 117 105 97 81 87 98 86 114 105 115 130 135 148 138 145 168 185 161 164 167 165 179 181 183 190 194 190 175 120 66 65 52 40 73 37 19 28 32 44 40 91 135 171 181 101 111 155 177 163 138 121 125 117 100 109 140 145 142 168 172 147 163 102 121 120 97 125 136 123 164 158 208 205 182 190 193 153 160 68 34 17 17 25 73 93 102 77 48 78 71 52 43 11 31 53
115 106 92 96 92 94 92 104 148 131 110 108 103 132 139 144 159 173 173 141 194 181 171 173 174 185 192 176 185 146 51 61 50 50 69 95 18 24 31 33 54 82 136 169 146 120 121 99 96 102 122 126 159 111 117 114 156 149 148 162 158 123 161 129 138 150 141 141 152 134 149 181 211 199 204 190 196 146 119 76 39 19 19 19 82 124 114 103 81 63 88 75 86 10 25 30
120 111 101 99 103 93 97 101 169 190 128 104 119 127 141 149 166 184 156 135 166 169 190 187 193 196 204 181 186 117 75 70 56 49 63 69 4 15 29 32 78 143 127 150 105 100 167 187 101 93 68 134 149 136 129 123 131 160 154 138 152 147 143 138 144 155 126 137 146 148 172 186 200 196 205 166 192 137 130 46 30 17 24 23 92 115 127 128 121 124 71 72 69 36 41 29
114 125 118 118 104 97 100 89 95 163 181 128 117 137 145 161 154 174 154 141 163 154 153 209 211 204 214 174 159 151 90 72 57 64 36 57 14 21 31 33 99 101 114 110 118 117 172 180 161 140 104 111 102 115 153 138 121 158 146 119 124 140 156 135 181 166 172 143 173 158 160 189 188 180 159 156 152 179 134 101 37 17 17 8 124 121 103 146 125 89 66 70 68 58 43 54
133 116 117 112 111 100 104 98 101 99 118 194 117 125 146 153 153 162 158 114 169 143 138 107 133 107 163 140 129 117 78 80 33 45 39 27 10 27 41 46 65 89 87 85 118 153 164 178 180 150 176 109 184 125 143 129 105 173 155 137 134 140 135 147 136 166 178 124 179 163 174 189 178 167 167 164 151 111 86 44 39 11 14 15 83 93 55 89 98 45 40 99 77 68 45 53
