images/example.asc
ncols        651
nrows        1156
xllcorner    0.000000000000
yllcorner    0.000000000000
cellsize     1.000000000000
[rows 799 to 845 of 1156, columns 0 to 95 of 651]
46 47 59 48 34 85 82 110 99 93 123 76 67 68 126 132 129 135 184 185 140 43 46 167 68 78 86 54 96 84 110 66 66 106 44 53 78 115 60 36 36 41 35 27 22 26 75 114 144 157 157 171 193 200 215 223 220 226 229 227 228 232 232 228 229 229 229 215 235 226 233 235 239 239 237 238 241 242 241 243 247 222 218 200 213 87 149 91 115 118 82 96 67 71 50 96
53 52 50 32 81 61 49 100 48 56 65 87 111 81 94 90 141 136 49 168 104 36 128 159 106 62 95 93 102 73 74 43 88 140 68 34 50 69 77 89 86 65 29 31 14 43 125 146 151 155 187 195 194 212 220 221 224 228 230 228 229 233 232 228 230 228 226 213 234 229 234 236 240 239 237 237 240 241 241 243 246 222 204 193 223 156 78 134 129 93 86 126 131 102 83 109
57 51 45 55 75 81 84 51 47 68 54 88 86 88 51 71 47 83 60 43 150 53 105 81 135 64 46 110 158 97 59 145 118 87 89 83 96 99 81 49 72 76 43 1 72 94 130 149 137 175 191 197 213 219 218 228 229 228 230 231 232 232 230 231 231 226 224 222 224 232 232 231 234 236 237 237 239 239 241 244 243 223 214 197 116 100 197 148 81 88 77 66 91 83 55 161
43 57 69 67 76 68 73 52 69 70 92 87 52 25 65 73 66 86 41 82 70 61 131 137 88 108 76 108 110 78 109 95 85 95 79 78 64 66 41 60 63 73 8 18 138 130 156 134 162 205 203 210 216 218 222 225 229 227 231 231 232 233 230 232 230 223 216 215 208 225 228 232 235 237 237 238 238 237 238 241 242 233 208 190 76 148 168 101 73 96 102 47 131 150 85 145
65 62 55 52 77 88 72 81 79 55 50 65 88 82 55 55 81 53 35 94 51 71 131 142 61 74 68 115 130 44 174 165 130 22 53 61 49 58 52 53 55 25 11 50 137 151 150 154 200 210 202 208 222 223 224 224 226 228 232 229 230 235 231 229 230 229 221 213 210 220 220 228 235 234 233 235 239 241 241 242 233 225 192 181 82 80 65 112 95 97 80 69 135 43 81 138
85 38 52 102 73 72 67 69 69 69 67 79 67 85 85 72 76 73 81 66 66 107 56 110 62 88 83 40 43 67 97 100 79 31 77 29 33 29 41 63 48 25 34 94 157 158 151 192 202 208 209 209 217 227 229 227 230 233 226 236 228 228 231 232 226 231 221 211 212 220 225 232 234 232 236 231 240 241 244 244 236 220 194 192 139 61 108 93 47 36 182 62 123 69 109 54
70 56 46 72 78 79 75 74 70 98 76 74 81 101 80 64 112 112 98 65 62 53 40 56 73 102 104 48 73 90 113 75 65 65 27 18 23 43 45 105 43 33 50 69 157 160 129 193 197 207 215 220 224 225 226 228 231 226 230 227 229 233 227 229 231 226 223 202 221 227 225 227 230 233 234 236 237 239 241 242 229 205 185 209 176 57 98 55 57 162 114 145 88 82 111 81
64 21 39 59 66 75 68 68 78 79 74 77 84 68 78 87 84 59 85 129 55 73 65 70 55 53 44 69 66 80 71 42 60 83 7 32 39 96 86 53 34 15 137 94 167 157 197 206 199 210 220 225 226 226 227 231 229 232 232 235 231 230 226 228 226 220 226 224 212 219 225 228 230 231 229 233 234 238 243 238 233 206 212 180 130 110 163 165 124 174 188 122 148 133 54 44
53 47 47 55 63 77 57 79 80 76 83 92 99 89 82 70 72 61 107 63 69 69 77 56 46 103 85 51 124 89 38 65 43 79 42 49 97 65 51 76 27 35 116 119 156 188 192 197 206 216 222 222 225 230 231 229 228 230 227 226 231 228 228 225 230 226 223 231 218 227 219 219 226 229 234 234 239 236 244 229 222 212 190 162 130 164 147 88 122 192 90 173 167 108 51 102
54 37 24 68 67 56 47 108 79 88 91 121 85 91 75 67 78 83 81 89 61 62 74 83 54 83 68 108 116 70 79 55 45 19 29 43 40 91 64 39 35 81 101 172 159 178 208 212 209 218 222 224 228 232 230 227 230 224 227 232 229 229 218 228 218 226 177 204 220 222 217 225 223 228 233 232 235 232 238 221 205 203 188 173 154 177 145 117 116 164 74 146 49 51 32 159
36 25 20 53 74 53 55 86 91 79 79 81 129 90 82 119 139 107 64 79 88 75 73 123 151 73 35 110 90 85 63 77 75 31 42 46 51 63 34 40 49 79 94 165 165 162 194 210 211 216 221 226 228 228 227 229 229 230 229 228 224 226 228 224 229 210 142 215 221 219 217 222 221 225 226 232 236 240 235 218 214 205 185 142 86 69 78 100 70 123 175 159 143 43 112 112
13 23 33 69 83 31 64 89 58 76 101 123 137 87 112 94 95 87 84 85 94 87 70 146 92 103 123 116 78 118 68 77 42 44 69 47 59 36 36 47 44 126 134 151 160 169 198 203 211 216 221 224 226 225 226 229 225 221 228 227 227 193 217 212 144 151 226 211 216 222 216 218 217 220 226 237 244 242 229 216 218 211 196 133 128 139 160 168 158 134 92 175 117 67 124 65
28 32 25 44 56 43 37 41 132 141 159 135 136 113 93 80 80 96 88 65 107 80 62 138 123 132 77 85 87 95 78 79 107 63 52 38 21 30 39 51 29 120 130 158 159 170 190 183 209 217 222 223 225 227 225 223 226 228 220 227 226 227 190 133 193 216 210 216 221 219 215 213 216 216 225 224 230 221 219 219 196 208 193 88 135 143 135 110 126 174 143 166 72 55 85 77
25 30 29 45 36 115 46 59 136 156 75 97 161 106 97 114 112 104 127 68 73 68 71 41 131 50 140 104 95 40 37 26 49 40 30 44 30 38 35 40 27 124 130 169 148 184 195 195 208 220 205 222 218 227 226 226 223 224 223 227 212 188 185 207 210 209 208 218 220 215 208 212 211 212 207 128 112 119 114 168 138 156 86 66 129 171 119 191 183 109 116 103 90 116 135 27
26 23 50 49 27 87 106 106 79 165 119 121 162 97 134 147 114 116 110 101 86 69 162 37 73 27 104 104 35 36 50 44 49 52 39 45 53 73 52 64 74 107 117 168 158 193 199 199 207 198 209 217 218 217 219 218 216 220 215 219 217 220 215 215 209 212 213 211 225 214 197 200 206 226 157 141 190 169 110 120 96 146 106 102 128 122 57 127 143 168 79 107 172 125 22 29
33 9 31 61 64 66 58 93 139 129 166 89 88 167 174 158 134 97 88 94 77 52 127 75 88 45 21 35 50 59 75 92 67 58 61 29 37 57 72 103 55 93 86 173 160 191 192 190 194 196 215 213 214 222 220 215 216 220 217 220 214 217 214 208 210 216 208 208 212 206 199 207 224 107 137 172 156 117 138 145 124 121 126 132 109 121 127 145 174 180 45 82 131 34 48 56
37 33 21 51 62 87 71 153 124 121 146 120 90 99 47 69 80 63 72 45 55 117 97 69 22 31 51 77 79 73 80 94 92 78 69 36 43 43 60 37 57 48 55 99 137 192 181 177 191 194 204 203 210 210 215 213 217 213 205 211 213 211 209 206 204 200 204 207 193 202 226 213 86 112 146 141 117 116 100 171 144 159 103 117 115 93 91 53 38 18 47 34 162 145 19 139
49 47 25 53 68 84 84 139 71 162 80 165 65 134 124 106 75 63 50 78 185 63 60 29 56 54 59 98 84 74 91 89 106 119 103 91 66 73 63 57 43 59 44 46 54 111 192 197 194 184 183 201 204 205 208 210 205 209 204 203 207 201 204 202 192 195 189 181 186 208 167 127 109 141 81 131 184 153 126 136 116 75 119 105 41 46 48 46 58 63 33 25 50 124 26 79
61 41 55 45 47 87 77 162 101 166 127 120 150 145 87 74 90 41 36 168 159 104 24 44 46 78 85 82 101 118 114 107 99 116 93 106 73 94 58 50 59 38 25 46 105 34 40 89 153 192 196 191 196 201 193 202 199 199 191 191 196 194 199 192 189 183 174 191 200 91 110 173 167 107 129 129 140 108 122 130 55 66 53 52 52 50 61 70 66 48 44 22 68 28 106 123
39 39 33 65 111 59 85 170 126 151 157 89 66 55 77 71 109 113 129 82 47 112 27 40 66 79 94 112 112 99 108 125 132 130 122 147 109 85 63 52 44 40 58 63 47 53 43 87 92 76 60 85 109 142 181 195 184 192 197 206 192 189 196 188 84 138 175 157 139 147 108 113 92 123 140 83 105 88 144 35 68 45 57 71 53 47 60 52 34 26 81 19 78 128 80 143
62 29 32 44 34 77 92 71 131 81 104 50 75 73 95 126 125 94 104 61 118 24 54 65 78 90 113 111 125 109 122 140 116 119 158 134 115 118 85 57 34 103 82 26 79 86 97 45 77 93 29 76 66 112 93 72 46 79 123 175 179 196 200 178 133 119 92 68 147 95 119 56 86 99 149 103 109 65 34 42 101 26 65 49 76 77 121 29 87 63 50 43 29 23 66 102
46 30 23 102 124 131 132 133 109 82 64 72 72 96 95 122 48 99 32 21 46 44 45 65 120 105 116 119 118 146 141 140 109 148 147 149 123 117 129 87 56 124 67 84 61 45 61 34 103 42 85 63 62 114 166 67 70 90 51 114 53 54 48 101 72 109 68 159 104 71 109 57 93 85 73 48 41 57 55 39 107 25 69 78 116 101 120 55 96 79 88 80 45 43 46 50
35 20 32 95 76 60 95 87 50 55 66 82 126 67 94 93 87 73 102 45 45 42 80 97 124 120 120 129 112 168 142 152 148 159 150 163 151 147 141 140 60 111 66 53 58 85 89 75 89 59 123 98 59 160 161 34 54 146 71 103 57 71 69 79 33 102 87 137 115 73 85 98 95 57 63 34 44 64 46 110 76 51 57 90 108 130 72 113 93 74 77 105 103 39 53 18
31 24 84 108 34 60 97 59 79 102 43 101 87 79 124 122 115 100 114 43 46 30 78 126 116 119 126 128 127 206 172 147 152 149 156 153 153 159 145 161 81 107 69 60 57 81 99 94 40 68 78 84 67 76 122 55 66 87 85 92 140 70 49 62 65 108 98 104 147 114 83 122 29 59 37 51 50 90 118 101 112 67 106 111 131 137 107 117 104 128 77 60 78 81 60 55
44 30 42 38 40 116 121 64 72 27 56 97 83 90 144 86 113 86 57 27 25 70 103 143 126 125 116 110 162 194 166 149 150 149 146 149 163 161 160 166 134 55 62 108 82 84 59 123 93 53 57 61 55 87 131 48 118 107 82 108 51 154 100 49 45 101 134 96 64 82 61 40 51 49 52 58 152 124 108 146 130 118 94 151 132 119 142 139 95 75 79 88 96 96 28 65
47 34 52 52 127 150 85 39 28 8 82 70 74 59 74 95 72 101 29 16 38 75 108 121 103 116 123 170 158 178 162 150 157 140 136 157 169 173 191 210 78 97 92 118 86 101 84 53 48 59 37 92 66 99 54 118 105 141 153 57 66 130 119 60 41 33 61 15 14 53 55 75 73 74 64 96 109 141 141 179 122 121 112 145 148 118 121 130 128 75 80 77 91 75 59 60
49 67 56 75 43 19 17 11 62 62 51 67 82 90 69 62 90 94 80 93 74 78 101 117 126 138 137 209 157 170 144 162 157 187 206 167 204 187 199 147 97 107 98 122 112 136 108 110 67 86 86 79 82 84 52 37 20 90 36 50 54 32 69 57 52 101 25 19 64 67 76 90 83 88 75 132 127 143 153 174 141 168 152 158 170 168 158 161 106 77 84 76 80 79 85 25
46 45 46 28 30 26 32 57 116 137 77 74 79 96 96 74 46 49 64 59 85 80 113 122 124 133 143 161 168 192 166 191 181 170 189 212 174 199 232 81 112 116 124 136 141 92 103 97 74 96 82 79 88 75 71 52 52 48 54 34 41 71 49 57 54 41 20 54 57 72 82 75 119 122 136 143 151 174 160 180 150 197 171 162 169 176 158 163 91 81 84 78 57 122 53 72
61 28 22 30 28 26 73 35 90 118 164 141 59 72 86 93 84 110 42 57 85 76 115 127 112 123 148 137 146 183 157 215 196 169 157 189 154 214 208 96 118 117 150 129 97 93 79 53 44 96 92 70 77 80 63 132 73 56 115 104 62 74 85 64 17 23 18 72 56 71 68 126 140 115 138 136 166 159 178 181 171 158 157 163 134 193 144 103 95 67 88 117 50 57 104 22
35 35 30 71 78 77 26 51 157 135 125 85 71 79 70 115 106 64 30 94 60 72 122 123 133 136 144 144 162 151 156 221 206 190 182 197 230 203 169 77 141 156 130 140 177 147 159 110 104 113 77 67 82 103 85 106 42 76 95 125 78 50 75 49 59 24 30 51 59 112 124 135 133 138 139 144 164 165 170 167 170 194 135 159 149 138 133 120 110 131 119 84 38 68 52 39
29 35 50 82 68 47 51 88 133 127 139 167 62 71 65 76 89 88 189 150 67 62 157 114 125 148 126 151 156 167 145 207 168 148 225 231 228 137 170 122 165 111 145 146 178 124 116 145 111 101 112 59 76 77 95 93 45 61 47 75 45 134 80 46 56 33 33 34 79 108 129 144 128 135 146 122 155 174 169 170 148 141 120 171 141 128 141 126 109 113 113 77 110 59 64 126
44 59 60 62 53 68 71 56 155 134 151 147 100 107 69 69 88 76 175 114 45 79 92 121 117 133 111 152 157 171 174 204 169 160 217 235 207 114 164 177 149 141 154 164 156 124 134 124 124 105 126 119 117 93 88 76 78 97 48 49 11 76 55 65 50 25 43 45 72 133 120 136 125 138 136 148 166 174 175 167 158 163 129 159 94 96 91 90 88 71 69 85 130 56 61 85
46 38 58 52 66 73 111 60 172 139 193 115 167 129 63 92 89 64 139 159 34 76 62 107 112 119 118 160 151 174 191 192 206 162 204 229 153 133 171 152 140 179 169 160 162 166 140 160 136 156 127 81 75 105 75 63 74 89 46 23 33 43 118 50 86 43 43 73 96 144 167 150 181 156 150 152 176 156 153 148 167 162 92 164 134 75 90 53 56 88 64 52 70 64 92 53
64 57 75 63 86 68 124 91 171 190 172 131 82 88 93 82 96 88 61 103 53 19 41 58 109 156 144 162 161 191 206 184 170 178 219 154 161 169 171 187 165 125 149 166 198 162 163 190 137 177 76 101 66 92 58 59 70 65 52 84 40 34 40 156 71 40 47 91 52 95 101 115 159 137 111 145 162 112 139 140 125 99 75 74 82 72 56 43 55 55 64 93 65 133 114 36
70 58 71 64 56 66 101 99 174 153 163 184 130 140 160 94 75 79 76 103 44 23 28 25 79 120 157 155 154 185 178 194 160 162 199 159 171 180 161 176 161 131 201 177 171 174 176 169 159 156 135 115 88 61 85 55 108 91 72 50 44 68 138 162 26 26 45 68 41 89 118 112 120 107 108 101 132 138 139 114 123 58 81 93 54 36 25 113 73 110 88 130 48 63 95 14
67 55 69 62 59 49 88 147 194 148 178 175 131 118 174 74 72 76 74 74 52 12 11 48 70 108 138 125 178 163 152 160 170 178 195 163 168 157 161 167 181 189 187 176 152 111 191 191 177 135 76 68 125 51 69 74 104 87 72 34 113 97 89 49 28 17 106 63 57 56 82 82 81 91 106 89 63 98 133 88 58 66 59 69 73 87 88 87 115 91 115 124 86 98 10 28
56 55 54 41 54 33 103 158 186 107 141 137 116 108 88 122 78 61 67 65 67 38 12 43 89 103 83 176 169 161 168 192 203 173 166 173 157 151 169 187 177 170 161 141 147 197 169 196 184 72 132 81 64 85 103 77 106 44 55 61 87 123 57 29 10 120 177 144 39 83 73 68 68 85 88 48 89 109 104 60 126 93 56 65 63 74 84 69 132 131 49 112 152 28 1 33
61 55 48 43 59 81 105 105 158 133 147 139 109 107 137 124 129 71 61 67 61 51 142 161 142 48 75 180 162 146 173 208 197 161 158 137 153 158 191 189 162 150 164 155 168 187 202 177 153 96 165 130 92 111 72 75 114 124 60 65 92 110 49 33 17 138 147 128 73 71 52 74 85 96 60 108 71 85 86 101 101 52 47 81 132 69 76 96 104 103 162 105 119 32 20 49
48 77 35 21 40 90 105 102 52 80 103 131 123 97 156 168 127 106 77 67 47 64 83 164 166 39 64 152 143 149 151 116 156 139 142 181 114 177 189 158 176 153 155 114 123 161 95 65 82 117 166 149 126 155 126 122 166 121 75 63 84 44 52 29 19 173 197 176 172 90 103 112 75 80 101 82 51 89 84 70 69 89 71 76 85 83 78 127 164 151 142 88 66 17 52 38
54 50 55 56 57 87 114 46 48 112 114 120 135 121 134 126 118 90 105 92 94 52 74 125 90 36 73 125 143 153 183 127 156 149 141 161 163 210 166 187 182 188 150 121 170 173 191 187 160 131 146 177 168 129 192 203 171 70 66 125 122 80 57 53 19 192 201 193 204 52 123 102 93 94 112 56 15 69 56 112 36 56 57 77 78 102 91 132 93 60 85 72 122 8 59 29
43 61 62 56 90 56 53 54 33 131 133 118 112 88 117 132 110 118 122 133 121 77 43 34 58 69 57 98 124 174 146 133 145 176 174 172 182 182 182 178 172 168 174 165 189 212 163 172 172 175 165 213 166 190 198 194 193 134 88 144 122 116 26 52 33 201 194 176 209 54 93 96 52 37 22 24 22 105 119 113 64 49 74 47 51 86 104 127 37 72 58 48 121 34 30 28
63 64 52 59 71 59 74 66 57 98 126 122 121 114 108 137 112 130 117 99 134 108 116 54 127 139 76 62 104 126 140 115 115 200 158 182 157 175 195 179 183 150 180 189 188 191 174 167 158 202 203 210 172 148 135 203 173 123 142 178 124 142 77 42 31 197 196 192 193 54 141 61 44 60 54 45 99 108 120 99 118 174 134 97 37 44 80 53 43 146 122 93 29 57 65 37
47 54 67 54 68 58 78 67 72 84 139 108 95 127 139 121 98 91 75 96 130 95 112 64 105 77 122 70 92 109 133 124 154 169 197 178 200 200 205 190 204 165 157 169 168 199 174 175 171 183 206 184 150 165 218 197 116 157 169 200 189 154 116 37 38 206 193 200 203 33 100 29 85 74 94 108 128 147 156 162 156 142 145 109 53 54 62 40 45 100 94 135 110 37 66 27
67 87 58 54 56 66 66 66 70 63 114 98 72 142 95 113 106 57 82 91 140 81 83 73 42 51 107 134 74 111 121 155 148 193 198 192 204 184 175 167 200 141 147 149 164 167 170 167 177 170 178 141 170 165 201 149 221 191 186 198 183 196 150 86 25 185 189 187 138 51 49 63 84 99 123 137 149 155 172 158 182 180 186 141 125 116 98 111 121 54 69 33 51 23 49 32
190 54 73 47 59 59 60 96 74 68 65 85 67 108 124 47 52 111 83 119 160 151 51 85 33 58 73 85 44 77 90 115 155 167 177 141 144 148 180 177 153 162 170 167 169 160 158 194 160 170 152 192 195 179 207 187 189 199 193 213 176 199 156 76 40 105 175 79 74 53 55 85 104 124 117 141 166 163 170 168 177 160 158 149 160 112 57 83 52 41 27 43 45 28 63 44
148 40 75 50 57 64 66 51 67 75 70 99 71 89 86 147 116 91 104 85 64 82 91 119 202 163 47 81 64 84 84 124 144 133 96 126 152 178 172 155 167 168 164 172 185 165 186 174 179 165 189 182 178 194 145 152 167 178 197 207 219 171 148 76 64 48 90 40 33 53 88 113 116 128 142 156 168 176 193 219 167 169 149 153 184 161 96 72 55 81 30 63 92 18 72 45
63 100 66 53 51 55 63 56 61 77 76 82 105 62 108 181 112 96 36 75 89 120 171 160 106 84 104 121 80 79 65 120 169 178 108 135 151 176 166 157 162 204 161 172 182 213 204 178 173 177 196 195 226 140 129 164 180 173 202 206 202 180 115 77 66 66 69 59 47 52 69 91 112 139 171 166 175 183 175 214 133 152 134 131 123 174 108 72 67 128 80 27 63 20 63 27
